0.8577054130132584
0.002525233246577794
0.0004146344446138862
8.551975547829095e-05
2.3156885222038802e-05
1.1494112721479991e-05
8.067339384818779e-06
5.295459756298977e-06
4.158826435313506e-06
3.5972156397560063e-06
2.9383891481248773e-06
2.3367068292025257e-06
2.07319253069513e-06
2.015647752320065e-06
1.660597455852172e-06
1.537432099747307e-06
1.3272634104770774e-06
1.2626953642157947e-06
1.047774190630983e-06
1.0350773877957289e-06
9.481178815750514e-07
8.277930593227639e-07
8.04099117350929e-07
7.510582423385452e-07
6.77203677375527e-07
6.379087126868613e-07
5.818184410386225e-07
5.324015065151102e-07
4.975604550803409e-07
4.6775196952854886e-07
4.4801135492675446e-07
4.146405605270582e-07
3.9557104601579555e-07
3.5698073642218815e-07
3.7486966261092353e-07
3.308941171888043e-07
3.146055592771839e-07
2.92127815020435e-07
2.675545949708013e-07
2.614968894597362e-07
2.5577267960590474e-07
2.2406662430833368e-07
2.206118284341167e-07
2.1143282270606827e-07
2.1108357674058746e-07
2.0866898600669469e-07
1.8829904387102408e-07
1.7831745721838054e-07
1.7666915322051328e-07
1.6021350508227068e-07
1.2048985809087753e-08
1.8866130096070908e-09
1.3887663097942577e-09
1.2155129190753488e-09
